pos = [0.0 0.0 0.0
0.014993750781203503 3.7492188151011616E-4 0.05000000000000001
0.029950024994048457 0.0014987504165922512 0.10000000000000002
0.04483143974207979 0.0033686766191872875 0.15000000000000002
0.05960079923851838 0.005980026647627473 0.2
0.07422118777635689 0.009326273486806516 0.25
0.08865606199840188 0.013399053262318137 0.3
0.10286934223663542 0.018188186145786257 0.35
0.11682550269259517 0.0236817017991344 0.39999999999999997
0.13048966023336908 0.029865869294196837 0.44999999999999996
0.14382766158126092 0.03672523143288809 0.49999999999999994
0.15680616867919778 0.04424264338214817 0.5499999999999999
0.16939274201851065 0.0523993155270964 0.6
0.18155592172081192 0.06117486043528314 0.65
0.19326530617130738 0.07054734381465336 0.7000000000000001
0.20449162800700033 0.08049333933785362 0.7500000000000001
0.21520682726985693 0.09098798719585026 0.8000000000000002
0.22538412154208792 0.10200505623450525 0.8500000000000002
0.23499807288824515 0.11351700951880056 0.9000000000000002
0.24402465143681226 0.12549507316083486 0.9500000000000003
0.2524412954423691 0.13790930823955797 1.0000000000000002
0.26022696767820525 0.1507286856324818 1.0500000000000003
0.2673622080184308 0.16392116357232667 1.1000000000000003
0.27382918207815654 0.17745376773475272 1.1500000000000004
0.27961172579016813 0.19129267365699784 1.2000000000000004
0.2846953858066761 0.20540329128141932 1.2500000000000004
0.2890674556251581 0.21975035141262372 1.3000000000000005
0.29271700734799794 0.2342979938720875 1.3500000000000005
0.29563491899653827 0.2490098571299277 1.4000000000000006
0.2978138973112768 0.26384916918979 1.4500000000000006
0.29924849598121656 0.2787788394996891 1.5000000000000007
0.2999351292568073 0.29376155165907225 1.5500000000000007
0.29987208091245177 0.30875985669038664 1.6000000000000008
0.29905950853617586 0.3237362666420202 1.6500000000000008
0.2974994431357408 0.33865334828865745 1.7000000000000008
0.2951957840621813 0.3534738166948477 1.7500000000000009
0.29215428926345877 0.3681606284079262 1.800000000000001
0.2883825608925902 0.38267707404735396 1.850000000000001
0.28389002630622456 0.39698687005905114 1.900000000000001
0.278687914501161 0.4110542494053862 1.950000000000001
0.2727892280477047 0.4248440509641428 2.000000000000001
0.2662087105900129 0.4383218074130139 2.0500000000000007
0.2589628099946624 0.4514538313799572 2.1000000000000005
0.2510696372395496 0.46420729964408125 2.1500000000000004
0.2425489211458774 0.4765503351766036 2.2
0.23342195906637675 0.4884520868168216 2.25
0.22371156365301648 0.4998828063839471 2.3
0.21344200583725378 0.510813923032066 2.3499999999999996
0.20263895416534577 0.5212181146623734 2.3999999999999995
0.19132941064035167 0.5310693762141919 2.4499999999999993
0.17954164323118754 0.5403430846640798 2.499999999999999
0.16730511521742572 0.5490160605705663 2.549999999999999
0.15465041154644 0.5570666260106838 2.5999999999999988
0.14160916238696555 0.5644746587634853 2.6499999999999986
0.12821396407014982 0.5712216426051179 2.6999999999999984
0.1144982976157004 0.5772907135897386 2.7499999999999982
0.10049644504677244 0.582666702200597 2.799999999999998
0.08624340370276437 0.5873361712659266 2.849999999999998
0.07177479876419579 0.5912874495448768 2.8999999999999977
0.05712679420830932 0.5945106608995359 2.9499999999999975
0.04233600241796138 0.5969977489801334 2.9999999999999973
0.027439392669732374 0.5987424973617181 3.049999999999997
0.012474198729988496 0.5997405450819837 3.099999999999997
-0.002522174210143238 0.5999893975414025 -3.1331853071795894
-0.017512243028272548 0.5994884327384259 -3.0831853071795896
-0.03245854035903104 0.5982389028241639 -3.03318530717959
-0.047323708242973 0.5962439309726596 -2.98318530717959
-0.06207059150201835 0.5935085035745804 -2.93318530717959
-0.07666233060804781 0.5900394577738386 -2.8831853071795903
-0.09106245381252713 0.5858454643782918 -2.8331853071795905
-0.10523496830688431 0.5809370061872393 -2.7831853071795907
-0.11914445018578632 0.5753263517898832 -2.733185307179591
-0.13275613298845404 0.5690275249002447 -2.683185307179591
-0.14603599459670816 0.562056269305182 -2.633185307179591
-0.15895084227254627 0.5544300095131233 -2.5831853071795914
-0.17146839562270144 0.5461678072018691 -2.5331853071795916
-0.18355736728281405 0.537290313574326 -2.4831853071795917
-0.19518754111954853 0.5278197177412535 -2.433185307179592
-0.2063298477551905 0.5177796912600432 -2.383185307179592
-0.21695643722595198 0.5071953289681536 -2.3331853071795923
-0.22704074859237688 0.49609308625908494 -2.2831853071795924
-0.23655757632785698 0.4845007129576738 -2.2331853071795926
-0.24548313331932164 0.47244718395998225 -2.183185307179593
-0.25379511032263247 0.4599626268111481 -2.133185307179593
-0.26147273172407504 0.44707824640221167 -2.083185307179593
-0.26849680746857374 0.43382624697413974 -2.0331853071795933
-0.27484978102483526 0.4202397516239946 -1.9831853071795935
-0.2805157732675336 0.4063527195144416 -1.9331853071795937
-0.2854806221668537 0.3921998609935281 -1.8831853071795939
-0.28973191818619065 0.3778165508368902 -1.833185307179594
-0.29325903529952824 0.3632387398292363 -1.7831853071795942
-0.2960531575509702 0.3485028649061084 -1.7331853071795944
-0.2981073010900387 0.3336457580805189 -1.6831853071795946
-0.2994163316276633 0.3187045543821002 -1.6331853071795948
-0.2999769772692299 0.3037165990388699 -1.583185307179595
-0.29978783669261316 0.2887193541336097 -1.5331853071795951
-0.2988493826507521 0.27375030496816877 -1.4831853071795953
-0.297163960790014 0.2588468663697305 -1.4331853071795955
-0.2947357837873 0.24404628917323018 -1.3831853071795956
-0.29157092082054664 0.22938556711366753 -1.3331853071795958
-0.2876772823989421 0.21490134436103497 -1.283185307179596
-0.28306460059077265 0.20062982392897669 -1.2331853071795962
-0.2777444046983205 0.18660667718610868 -1.1831853071795964
-0.27172999244061236 0.17286695469617447 -1.1331853071795965
-0.2650363967160471 0.15944499860988973 -1.0831853071795967
-0.2576803480279789 0.14637435682745056 -1.033185307179597
-0.24968023266717182 0.13368769914625445 -0.9831853071795971
-0.24105604675564832 0.12141673560342076 -0.9331853071795972
-0.23182934626679802 0.1095921372172123 -0.8831853071795974
-0.22202319314667032 0.0982434593254628 -0.8331853071795976
-0.2116620976711197 0.08739906771262444 -0.7831853071795978
-0.20077195718288085 0.07708606771007935 -0.733185307179598
-0.18937999136169884 0.0673302364469273 -0.6831853071795981
-0.1775146741893055 0.05815595842058748 -0.6331853071795983
-0.16520566277929408 0.0495861645482541 -0.5831853071795985
-0.15248372324978038 0.04164227485154561 -0.5331853071795987
-0.13938065382413017 0.03434414491760602 -0.48318530717959884
-0.12592920535196095 0.027710016270477575 -0.433185307179599
-0.11216299944907418 0.021756470776790687 -0.3831853071795992
-0.09811644446092563 0.016498389199733017 -0.3331853071795994
-0.08382464945968125 0.011948914004891259 -0.28318530717959955
-0.06932333648982121 0.008119416510931638 -0.23318530717959973
-0.05464875128163235 0.0050194684672253105 -0.1831853071795999
-0.0398375726557589 0.00265681812945981 -0.1331853071796001
-0.02492682084525282 0.0010373708930350417 -0.08318530717960027
-0.009953764964270957 1.6517453265024935E-4 -0.03318530717960044
0.005044170145301003 4.2409084975311814E-5 0.01681469282039938
];
