pos = [0.1 0.1 0.0
0.14794255386042032 0.08775825618903728 -0.5
0.14881772468829077 0.08727445076457513 -0.51
0.14968801378437369 0.086781917967765 -0.52
0.15055333412048472 0.0862807070514761 -0.53
0.15141359916531133 0.0857708681363824 -0.54
0.15226872289306595 0.08525245220595057 -0.55
0.15311861979208838 0.0847255111013416 -0.56
0.15396320487339696 0.08419009751622686 -0.5700000000000001
0.15480239367918738 0.08364626499151867 -0.5800000000000001
0.15563610229127842 0.08309406791001632 -0.5900000000000001
0.15646424733950356 0.0825335614909678 -0.6000000000000001
0.15728674601004816 0.08196480178454792 -0.6100000000000001
0.15810351605373055 0.08138784566625336 -0.6200000000000001
0.158914475794227 0.08080275083121514 -0.6300000000000001
0.15971954413623923 0.08020957578842922 -0.6400000000000001
0.160518640573604 0.07960837985490554 -0.6500000000000001
0.1613116851973434 0.07899922314973647 -0.6600000000000001
0.16209859870365598 0.07838216658808489 -0.6700000000000002
0.16287930240184686 0.07775727187509275 -0.6800000000000002
0.16365371822219682 0.07712460149971062 -0.6900000000000002
0.16442176872376912 0.07648421872844881 -0.7000000000000002
0.1651833771021537 0.07583618759905078 -0.7100000000000002
0.16593846719714733 0.07518057291408946 -0.7200000000000002
0.1666869635003698 0.074517440234487 -0.7300000000000002
0.1674287911628145 0.07384685587295875 -0.7400000000000002
0.1681638760023334 0.07316888688738205 -0.7500000000000002
0.1688921445110551 0.07248360107409048 -0.7600000000000002
0.16961352386273565 0.0717910669610943 -0.7700000000000002
0.170327941920041 0.0710913538012277 -0.7800000000000002
0.17103532724176077 0.07038453156522358 -0.7900000000000003
0.17173560908995225 0.0696706709347165 -0.8000000000000003
0.17242871743701424 0.06894984329517466 -0.8100000000000003
0.17311458297268958 0.06822212072876131 -0.8200000000000003
0.17379313711099625 0.06748757600712667 -0.8300000000000003
0.17446431199708592 0.06674628258413076 -0.8400000000000003
0.17512804051402925 0.06599831458849817 -0.8500000000000003
0.17578425628952768 0.06524374681640513 -0.8600000000000003
0.1764328937025505 0.06448265472400007 -0.8700000000000003
0.17707388788989692 0.06371511441985797 -0.8800000000000003
0.17770717475268238 0.06294120265736963 -0.8900000000000003
0.17833269096274834 0.06216099682706639 -0.9000000000000004
0.17895037396899505 0.0613745749488811 -0.9100000000000004
0.17956016200363661 0.06058201566434623 -0.9200000000000004
0.1801619940883777 0.059783398228729766 -0.9300000000000004
0.18075581004051142 0.058978802503109766 -0.9400000000000004
0.18134155047893735 0.05816830894638829 -0.9500000000000004
0.1819191568300998 0.0573519986072456 -0.9600000000000004
0.18248857133384497 0.05652995311603536 -0.9700000000000004
0.183049737049197 0.05570225467662166 -0.9800000000000004
0.183602597860052 0.05486898605815869 -0.9900000000000004
0.1841470984807896 0.0540302305868139 -1.0000000000000004
0.1846831844618015 0.053186072137435474 -1.0100000000000005
0.18521080219493627 0.052336595125164885 -1.0200000000000005
0.18572989891886033 0.051481884496995464 -1.0300000000000005
0.18624042272433383 0.050622025723277765 -1.0400000000000005
0.18674232255940168 0.04975710478917262 -1.0500000000000005
0.18723554823449862 0.048887208186052675 -1.0600000000000005
0.18772005042746814 0.048012422902853326 -1.0700000000000005
0.18819578068849474 0.04713283641737391 -1.0800000000000005
0.1886626914449487 0.04624853668752999 -1.0900000000000005
0.1891207360061435 0.04535961214255764 -1.1000000000000005
0.18956986856800473 0.04446615167417058 -1.1100000000000005
0.19001004421765047 0.043568244627671115 -1.1200000000000006
0.19044121893788257 0.04266598079301563 -1.1300000000000006
0.1908633496115883 0.04175945039583571 -1.1400000000000006
0.19127639402605207 0.04084874408841563 -1.1500000000000006
0.19168031087717666 0.03993395294062721 -1.1600000000000006
0.19207505977361353 0.039015168430822915 -1.1700000000000006
0.192460601240802 0.03809248243668807 -1.1800000000000006
0.19283689672491663 0.03716598722605319 -1.1900000000000006
0.1932039085967226 0.03623577544766725 -1.2000000000000006
0.19356160015533855 0.035301940121932926 -1.2100000000000006
0.1939099356319067 0.03436457463160459 -1.2200000000000006
0.1942488801931697 0.033423772712450145 -1.2300000000000006
0.19457839994495382 0.03247962844387751 -1.2400000000000007
0.19489846193555854 0.03153223623952675 -1.2500000000000007
0.1952090341590515 0.030581690837828815 -1.2600000000000007
0.19551008555846913 0.029628087292531753 -1.2700000000000007
0.1958015860289224 0.02867152096319543 -1.2800000000000007
0.19608350642060715 0.02771208750565564 -1.2900000000000007
0.19635581854171918 0.026749882862458614 -1.3000000000000007
0.19661849516127328 0.02578500325326684 -1.3100000000000007
0.1968715100118264 0.024817545165237168 -1.3200000000000007
0.19711483779210434 0.023847605343372193 -1.3300000000000007
0.1973484541695318 0.022875280780845816 -1.3400000000000007
0.19757233578266578 0.021900668709304027 -1.3500000000000008
0.1977864602435315 0.020923866589141804 -1.3600000000000008
0.1979908061398613 0.019944972099757163 -1.3700000000000008
0.19818535303723586 0.018964083129783302 -1.3800000000000008
0.19837008148112753 0.01798129776729981 -1.3900000000000008
0.19854497299884588 0.016996714290023956 -1.4000000000000008
0.1987100101013849 0.01601043115548298 -1.4100000000000008
0.19886517628517184 0.015022546991168437 -1.4200000000000008
0.19901045603371764 0.014033160584673524 -1.4300000000000008
0.1991458348191685 0.013042370873814406 -1.4400000000000008
0.1992712991037587 0.012050276936736512 -1.4500000000000008
0.19938683634116433 0.011056977982006808 -1.4600000000000009
0.19949243497775793 0.010062573338693022 -1.4700000000000009
0.19958808445376383 0.009067162446430816 -1.4800000000000009
0.19967377520431417 0.00807084484547991 -1.4900000000000009
0.19974949866040528 0.007073720166770139 -1.5000000000000009
0.19981524724975466 0.006075888121938437 -1.510000000000001
0.19987101439755814 0.005077448493357765 -1.520000000000001
0.19991679452714745 0.0040785011241589505 -1.530000000000001
0.19995258306054775 0.003079145908246459 -1.540000000000001
0.19997837641893554 0.0020794827803090896 -1.550000000000001
0.19999417202299646 0.0010796117058265858 -1.560000000000001
0.19999996829318328 7.963267107317278E-5 -1.570000000000001
0.19999576464987381 -9.203543268809871E-4 -1.580000000000001
0.19998156151342888 -0.0019202492901694184 -1.590000000000001
0.19995736030415032 -0.002919952230129035 -1.600000000000001
0.19992316344213884 -0.003919363177298924 -1.610000000000001
0.19987897434705218 -0.004918382191417208 -1.620000000000001
0.19982479743776302 -0.005916909371414989 -1.630000000000001
0.19976063813191713 -0.00691484486540637 -1.640000000000001
0.19968650284539166 -0.007912088880673561 -1.650000000000001
0.19960239899165344 -0.00890854169364607 -1.660000000000001
0.19950833498101778 -0.009904103659872975 -1.670000000000001
0.19940432021980736 -0.010898675223987285 -1.680000000000001
0.19929036510941162 -0.011892156929661396 -1.690000000000001
0.19916648104524662 -0.012884449429552637 -1.700000000000001
0.19903268041561556 -0.01387545349523793 -1.710000000000001
0.1988889766004699 -0.014865070027136537 -1.720000000000001
0.1987353839700714 -0.015853200064419946 -1.730000000000001
0.1985719178835551 -0.016839744794907872 -1.740000000000001
0.19839859468739343 -0.01782460556494938 -1.750000000000001
0.19821543171376158 -0.01880768388928818 -1.7600000000000011
0.19802244727880428 -0.01978888146091107 -1.7700000000000011
0.1978196606808042 -0.02076810016087855 -1.7800000000000011
0.19760709219825215 -0.021745242068136633 -1.7900000000000011
0.19738476308781924 -0.022720209469308878 -1.8000000000000012
0.19715269558223125 -0.023692904868467635 -1.8100000000000012
0.19691091288804535 -0.02466323099688357 -1.8200000000000012
0.19665943918332948 -0.025631090822752438 -1.8300000000000012
